991,124
991,123
991,122
991,121
991,120
991,119
991,118
991,117
991,116
991,115
991,114
991,113
991,112
991,111
991,110
991,109
991,108
991,107
991,106
991,105
991,104
991,103
991,102
991,101
991,100
991,99
991,98
991,97
991,96
991,95
991,94
991,93
991,92
991,91
991,90
991,89
991,88
991,87
991,86
991,85
991,84
991,83
991,82
991,81
991,80
991,79
991,78
991,77
991,76
991,75
991,74
991,73
991,72
991,71
991,70
991,69
991,68
991,67
991,66
991,65
991,64
991,37
991,36
991,35
991,34
991,33
991,32
991,31
991,30
991,29
991,28
991,27
991,26
991,25
991,24
991,23
991,22
991,21
991,20
991,19
991,18
991,17
991,16
991,15
991,14
991,13
991,12
991,11
991,10
991,9
991,8
991,7
991,6
991,5
991,4
991,3
991,2
991,1
991,0
990,4
990,3
990,2
990,1
990,0
989,8
989,7
989,6
989,5
989,4
989,3
989,2
989,1
989,0
988,5
988,4
988,3
988,2
988,1
988,0
20,3
20,2
20,1
19,3
19,2
19,1
18,3
18,1
14,15
14,14
14,3
14,1
13,3
13,1
2,3
2,2
2,1
0,520
0,515
0,342
0,0
1016,34
1016,33
1016,32
1016,31
1016,30
1016,29
1016,28
1016,27
1016,26
1016,25
1016,24
1016,23
1016,22
1016,21
1016,20
1016,19
1016,18
1016,17
1016,16
1016,15
1016,14
1016,13
